18.9504282472
21.1061931537
16.5491835876
18.1143125992
18.3944593181
15.8825988385
14.2311455695
16.9824576336
19.6188213472
16.9855572076
17.2491169738
16.9924065839
17.4541088959
21.2457584612
19.0199160942
23.4222509619
21.432704386
21.1721384672
18.185965298
18.2922694006
16.7664180287
19.6444218794
21.6283136363
20.1710364296
22.8080191444
23.9022232909
20.9954217071
20.698587209
24.1121839794
22.962122007
19.2625981635
20.8150275795
18.5038956891
20.505985424
21.6808203624
20.6914494547
19.8172476922
19.0107929062
20.0637241552
20.9221391895
18.4524158597
21.2579277259
20.8317764519
21.0488521758
19.401329435
20.228917156
22.5112782056
23.6363577662
22.2652864781
20.5980886059
20.8198877336
21.9495750212
19.8139200091
21.2421056243
23.7660946072
21.6162300133
24.9699060025
20.7561714426
21.1630597682
17.9977917365
19.2492363001
16.7019977059
17.4426292393
19.7176365546
20.1969271003
17.8580153722
20.0370105996
19.4881426116
21.5565504789
20.9946401627
22.7305396989
23.9568277
20.5229679785
22.7489574769
22.3976462992
20.8208737277
17.3490822785
14.6396605873
16.5196704297
16.7231285045
17.5039198746
16.882401183
19.2370207979
19.0965589425
17.1526616178
16.6586139555
19.8492833689
16.0525658841
18.4748122033
19.7913982796
20.1981960894
19.6265187831
19.9086673346
16.8185042736
19.7390962751
16.6344647401
16.02444714
14.5547133831
13.8923292986
14.2424729692
18.2331505602
18.8044997874
19.5386450039
21.2558439548
18.7532969935
16.5773063143
18.4473557671
13.5191956191
13.1799007312
14.3003544212
14.1117768129
15.5622540388
17.3604033437
18.2905632933
20.3338113435
18.6654749273
19.6683477552
18.361455537
19.8478996672
18.4884640134
17.3258188773
17.2401035946
16.5516341178
15.6452751681
19.9529375039
19.4413700896
20.2889737959
19.3300447145
22.6424006798
20.274543433
17.9425471732
16.1893096311
18.553779015
19.1652480596
15.1760126261
20.0849314515
16.7727937146
16.6924246638
15.6864331197
14.3934804466
11.37382155
14.5449833629
16.8872311734
17.8578571891
18.0397853061
16.3665647304
16.4212052655
20.5612191381
16.7223633904
19.9083978906
18.3131769842
19.2634748679
18.694525531
16.2234129348
16.9203375043
14.0908275546
16.9162624407
18.2221112349
18.0473498974
16.3804637671
15.8607350092
14.7936807238
15.3427768184
15.4178509262
14.713558579
15.1670044011
15.3047638973
13.2936621244
16.7948110636
13.479955936
15.675897028
14.1135902244
16.8515070459
13.7428130802
17.0850254813
17.32267091
16.7469979237
16.6510879228
18.19367304
14.1567772342
13.171903054
13.246325194
15.8453451969
16.9956314901
18.5645437276
16.332514636
15.6962412695
19.0693371324
14.7288496373
18.486771751
18.6807217371
16.1305974701
20.1455026495
19.4399673691
21.51113791
22.7071078676
22.878854409
27.6066020851
27.30080259
27.8904814635
25.0887308618
23.593006856
24.2668684939
21.2530936546
22.0015307713
22.8583408492
19.800738773
19.9442391266
17.4747499722
22.5424736203
20.1215265877
21.4133260031
21.0154558765
20.2951477721
20.8819253612
20.2235911837
21.0251157266
21.3065601509
18.4812623213
18.5699077818
19.8230217845
16.5753160321
16.7890818203
16.8249440781
15.1891078072
11.3392200977
10.7332295357
14.1199428575
15.2393582613
16.7653339587
17.0457010852
20.8089943742
21.0521183162
21.0416482396
21.2812242308
19.4843523051
21.7920568819
18.5734848206
16.9400509501
17.1257769128
16.4089619636
15.4131575121
17.6138032527
19.7043865089
20.0347765975
19.4516192346
20.4425844851
19.5614043915
19.778764696
20.1803152215
24.3518812712
22.0629729899
20.9263788596
22.1418765711
23.0502567663
25.698413062
22.5397669873
27.3259032207
24.6860042198
26.2287551227
25.4439834738
23.5706854308
22.0005080314
20.2732154154
20.5727556825
19.3054027702
22.2940095317
25.1776800316
27.0433739389
24.7352843423
30.78921397
26.5006625706
26.4821035843
28.2857490057
26.0389474286
26.8815878694
27.5251428703
25.7584110875
25.5358138948
26.5583397422
26.0211752043
25.3422634827
26.5351893442
27.9449949565
27.5610359028
26.0891106183
25.6621076247
28.5976284805
27.5361799184
24.9875319161
26.1688761704
25.7225581924
26.5695367473
25.5222766434
24.2032393812
24.391038586
26.3627018225
21.6387203314
25.7610837165
26.2082392114
24.5860360942
26.6762241617
25.8442735194
25.8189567114
26.3678103622
24.284968469
23.0369071371
24.6801164233
27.3658912197
26.3316977021
26.0195071889
24.8686034885
29.8742279768
25.6278951092
29.7123445336
29.4743535178
31.0126298699
32.0068932839
30.3107760775
29.2414432391
28.5799511278
27.5502750253
24.8384611954
29.54232762
26.6450771476
28.7427627119
25.953814335
27.3206240503
29.3538053646
29.8711522442
33.7888685118
32.5198097726
32.978054596
32.0788203253
29.1395993289
30.4390108982
30.6989152878
28.7767463796
28.3666350133
30.513273568
27.6003964801
26.479923835
29.2110333724
29.1586857703
